# TESS Program G09062

Title: A Survey Of Oscillations And Granulation In Subgiant Stars

PI: Chontos, Ashley - Dartmouth College

Type: SMALL

Summary: Brightness variations observed in high-precision light curves encode powerful information about fundamental properties and convection in subgiant stars through oscillations and granulation. However, the current sample of subgiants with measured oscillations and granulation is predominantly focused on the Kepler field, and prime mission TESS data do not provide sufficient time coverage to make precise measurements. Here we propose 2-minute cadence observations to perform a survey of oscillations and granulation in subgiant stars, which will enable us to (i) probe the efficiency of convective driving and damping of oscillations, (ii) test stellar models by constraining convective properties such as the mixing length parameter and (iii) calibrate granulation metrics for TESS stars.


# Sector 108 targets observed (2 min: 655, 20 s: 186)
120897195,36.7983,-26.8216,8.55,G09062
120917031,37.2037,-24.9818,8.47,G09062
120931911,37.3946,-24.1037,6.47,G09062
139472130,35.8099,-29.87,7.01,G09062;20SECONDTARGET
139524482,36.2042,-29.8632,8.29,G09062
139525924,36.4256,-27.1442,8.01,G09062
257505350,31.3502,-17.4371,9.32,G09062
266679787,28.1058,-20.6113,8.13,G09062;G09123
266680498,28.2107,-19.5077,6.98,G09062;G09123;20SECONDTARGET
266680717,28.2639,-20.9717,8.77,G09062
266717906,28.6606,-21.2659,9.48,G09062
266724047,28.9546,-20.5637,7.57,G09062
266748633,29.7279,-21.1322,6.82,G09062;20SECONDTARGET
266769521,29.7516,-22.9182,7.04,G09062
266769592,29.8572,-23.436,7.69,G09062
266855794,31.4973,-22.1503,7.72,G09062
268858501,33.7591,-23.5411,6.56,G09062
279342892,35.6371,-23.8168,4.6,G09062;20SECONDTARGET
290170805,32.1899,-17.5538,9.15,G09062
313937691,30.3953,-25.6344,8.41,G09062
313939650,30.6293,-25.5354,9.8,G09062
33492996,26.4129,-25.053,4.98,G09062;20SECONDTARGET
33526324,27.1797,-23.8697,7.47,G09062
33528329,27.382,-24.109,9.29,G09062
33576194,28.0026,-27.1133,8.54,G09062
33576915,28.0567,-27.7558,8.07,G09194;G09062;20SECONDTARGET
33596593,29.0739,-24.1314,8.04,G09062
33626362,29.3329,-27.7456,9.13,G09062
33664799,30.1199,-26.222,8.4,G09062
63942870,36.351,-21.8105,7.17,G09062
63958517,36.7847,-19.2879,9.33,G09062
64008164,37.1742,-19.7989,7.54,G09062;20SECONDTARGET
64008346,37.2149,-18.619,7.55,G09062;20SECONDTARGET
64008666,37.2796,-19.289,7.54,G09062
64033287,37.994,-23.9293,8.48,G09062
64107645,39.7601,-20.8872,8.14,G09062
72623068,31.8037,-27.8193,8.22,G09062
72653150,32.9792,-26.3085,8.78,G09062
72667052,33.0804,-26.6402,8.24,G09062
72669302,33.4003,-24.79,7.42,G09062
72689780,33.5817,-27.9083,7.21,G09062
72690118,33.6791,-29.358,9.65,G09062
72705077,33.7464,-29.1872,8.8,G09062
72747400,34.64,-29.6713,8.47,G09062
72763465,35.0009,-24.4799,8.43,G09062
1030901,34.0231,-8.2267,9.25,G09062
1031383,34.0681,-9.8215,6.34,G09062;20SECONDTARGET
1112857,36.0527,-6.7892,8.35,G09062
1118463,36.4739,-9.9023,7.73,G09062
1123245,36.6468,-11.2971,9.67,G09062
1129777,37.1941,-11.347,6.64,G09062;20SECONDTARGET
167452350,33.4259,-10.0715,8.06,G09062
257485190,30.791,-15.1528,9.63,G09062
257499753,31.1299,-13.8131,7.89,G09062
289720470,36.1178,-13.2933,7.23,G09062
290168477,31.6429,-14.4646,7.48,G09062;20SECONDTARGET
290177950,32.5119,-12.0404,9.67,G09062
29940696,41.7888,-15.3771,7.91,G09062
29958206,41.9297,-12.6611,9.56,G09062
302457214,33.6479,-12.9128,8.87,G09062
302514966,34.9152,-12.7617,8.34,G09062
326242565,41.2783,-18.5723,4.03,G09062;G09157;20SECONDTARGET
332954263,35.4686,-5.6989,9.96,G09062
35101740,35.4112,-15.7683,7.56,G09062
36756564,40.6707,-10.4079,8.47,G09062
36758163,40.9656,-7.1994,8.18,G09062
36831326,42.3337,-10.5509,7.48,G09062;20SECONDTARGET
36837209,42.4056,-9.5254,8.04,G09062
36837689,42.5959,-11.5338,8.05,G09062
36883881,43.5293,-10.4423,6.52,G09062
398734243,32.3563,-10.1818,9.07,G09062
404477044,37.4491,-13.2479,8.02,G09020;G09062
408118468,32.8424,-10.0534,5.6,G09062;20SECONDTARGET
408130113,35.5075,-10.7781,5.09,G09062;20SECONDTARGET
425077106,41.2434,-17.7811,8.72,G09062
425077133,41.2625,-17.5808,8.01,G09062
441126758,39.4622,-13.1286,7.17,G09062
441130425,40.0108,-12.278,9.35,G09062
441133691,40.3761,-15.101,6.79,G09062
441133778,40.3921,-14.549,5.56,G09062;20SECONDTARGET
4628129,37.8442,-7.8119,8.63,G09062
4628419,37.7663,-6.3362,9.43,G09062
4715644,38.9689,-8.5655,8.44,G09062
4742417,39.7553,-8.9284,6.35,G09062
4746221,39.8222,-11.748,7.45,G09062
4746245,39.8921,-11.8739,4.29,G09062;20SECONDTARGET
4748040,40.0507,-9.4535,5.3,G09062;20SECONDTARGET
66573379,37.8263,-14.2705,9.69,G09062
66604375,37.9813,-15.1077,9.33,G09062
66604391,38.0212,-15.2456,4.29,G09062;20SECONDTARGET
66606169,38.3139,-14.3625,7.12,G09062
66667555,38.9704,-15.2419,8.95,G09062
66667956,38.9861,-17.6328,6.29,G09062
10787084,20.0127,-9.8843,6.24,G09062;20SECONDTARGET
10818907,20.3555,-8.0012,8.79,G09062
10839729,25.4373,-11.3278,5.82,G09062;20SECONDTARGET
10864081,26.1651,-11.656,7.82,G09062
10864129,26.1068,-11.2974,6.87,G09062
136842430,22.8083,-10.8963,7.39,G09062;20SECONDTARGET
241392829,24.6856,-5.7358,6.9,G09062;20SECONDTARGET
241578958,25.6055,-2.1607,7.55,G09062;20SECONDTARGET
241671692,26.4317,-3.0283,9.64,G09062
241673197,26.5391,-1.3941,9.23,G09062
248960154,21.9807,-3.5736,7.36,G09062
24910738,27.3951,-10.6871,4.39,G09062;20SECONDTARGET
24921603,27.5661,-6.7038,6.54,G09062;20SECONDTARGET
24926790,28.216,-7.8266,8.57,G09062
24941657,28.6128,-7.3755,8.18,G09062
24941798,28.7023,-6.5926,7.54,G09062;20SECONDTARGET
24978373,29.2873,-10.2442,5.68,G09062;G09123;20SECONDTARGET
25003871,30.4919,-6.1183,8.79,G09062
250380204,29.4813,-3.7127,8.17,G09062
250381386,29.579,-2.4809,8.73,G09062
287222049,30.2737,-11.0485,7.3,G09062
29844890,23.3489,-7.1919,9.16,G09062
29845542,23.4298,-7.026,5.18,G09062;20SECONDTARGET
29847695,23.5808,-8.4581,7.64,G09062
29901695,24.409,-9.4031,5.74,G09062;20SECONDTARGET
299099679,21.0856,-6.9146,5.52,G09062;20SECONDTARGET
299138035,22.2773,-6.8479,7.68,G09062;20SECONDTARGET
299178501,22.4839,-10.5661,7.49,G09062;20SECONDTARGET
29919831,24.8586,-10.8063,8.19,G09062
29920044,25.0401,-11.4739,9.25,G09062
35666205,23.7009,-3.4462,9.35,G09062
35706202,24.2245,-0.531,8.43,G09062
404461000,25.3305,-12.1473,9.39,G09062
404461151,25.3132,-12.9177,9.06,G09062
54016731,23.757,-12.0852,8.05,G09062
92983926,28.0959,-14.3969,9.39,G09062
92993373,28.4933,-13.4091,9.81,G09062
92995279,28.658,-13.9138,7.83,G09062
93017596,28.8299,-14.1048,8.28,G09062
164699594,25.5082,-19.1927,7.3,G09062
164720205,25.5333,-18.1262,8.5,G09062
164720249,25.5665,-17.8886,6.85,G09062;20SECONDTARGET
164767496,26.1947,-20.1513,8.41,G09062
212384020,27.909,-15.1544,8.13,G09062
212384268,27.8693,-16.7411,8.02,G09062
257420064,22.1855,-13.6353,8.43,G09062
257422924,22.4211,-13.2244,6.82,G09062;20SECONDTARGET
268534259,15.1177,-19.3898,7.41,G09062;20SECONDTARGET
268617503,16.2058,-20.7325,7.03,G09062
268635135,16.5629,-20.0605,8.26,G09062
268637611,16.9299,-19.3137,7.2,G09062
268651896,17.3212,-18.099,9.52,G09062
28054692,13.1344,-20.9969,7.24,G09062;20SECONDTARGET
28054706,13.0545,-21.1084,7.17,G09062;20SECONDTARGET
28116853,23.7865,-23.447,8.02,G09062
29928131,24.6115,-15.4625,7.76,G09062
32533653,19.9911,-15.815,6.77,G09062;20SECONDTARGET
32551714,20.859,-14.2068,7.58,G09062;20SECONDTARGET
336875715,17.755,-11.3837,7.66,G09062
419015728,26.0037,-15.9311,2.75,G09062;G09123;G09123;20SECONDTARGET
423699193,21.5141,-17.3103,8.68,G09062
423700466,21.715,-13.0564,5.21,G09062;20SECONDTARGET
423725456,22.9821,-17.7014,8.35,G09062
439456192,18.9266,-18.4166,7.97,G09062
439458951,19.2736,-23.2386,8.6,G09062;G09180
439460803,19.5796,-23.5006,7.21,G09062
439466970,20.6265,-19.0817,6.04,G09062
439496110,21.8549,-20.3516,6.46,G09062
439499498,22.24,-17.9374,6.2,G09062
439501096,22.5045,-19.6059,7.76,G09062;G09123
441495748,23.4667,-21.035,7.52,G09062;20SECONDTARGET
441497101,23.5497,-19.2905,9.19,G09062
54071627,23.9733,-17.534,6.53,G09062;20SECONDTARGET
92992944,28.5069,-15.9873,8.37,G09062
97470196,24.2903,-25.0151,7.79,G09062
142930396,52.1803,-33.2077,8.63,G09062
142958513,53.0951,-33.5016,8.05,G09062
142959819,53.2584,-33.4548,9.52,G09062
142976476,53.4864,-31.0796,5.72,G09062;20SECONDTARGET
142977635,53.6243,-34.8328,6.66,G09062;20SECONDTARGET
143021681,54.3397,-34.6496,7.97,G09062;20SECONDTARGET
143021874,54.2146,-33.7806,6.45,G09062;20SECONDTARGET
143042212,55.0123,-34.5507,7.31,G09062
144651951,53.9609,-26.7875,8.19,G09062
152371331,65.3808,-25.7289,5.74,G09062;20SECONDTARGET
166742866,56.4402,-32.4813,8.06,G09062
166762338,56.8347,-29.9022,6.06,G09062;20SECONDTARGET
166774841,57.2654,-33.0847,8.22,G09062;20SECONDTARGET
166791431,57.8253,-33.7499,7.65,G09062
166805007,58.0873,-34.3569,8.12,G09062
166870842,59.1608,-33.2196,7.86,G09062
166873855,59.4677,-35.5929,10.27,G09062
166968974,60.5083,-30.4683,8.01,G09062
168632811,60.5179,-34.4823,6.67,G09062
168657397,60.9405,-31.0547,8.57,G09062
168657537,61.0088,-31.7795,8.33,G09062
168657862,61.0483,-33.4229,9.24,G09062;20SECONDTARGET
168675839,61.2325,-35.4467,7.77,G09062;20SECONDTARGET
168696165,61.4031,-31.0511,6.45,G09062
168698627,61.6863,-30.9203,8.03,G09062
168752196,62.7679,-34.113,8.06,G09062
168784826,62.9649,-33.6969,10.1,G09062
168786254,63.1002,-31.5819,6.79,G09062
369376538,59.9361,-35.8955,9.21,G09062
44679890,60.2697,-28.2706,8.37,G09062
44681349,60.3381,-26.5168,6.99,G09062;20SECONDTARGET
44735561,60.6789,-27.483,6.89,G09062;20SECONDTARGET
44735785,60.5905,-28.5312,7.11,G09062;20SECONDTARGET
44791283,61.8275,-28.69,8.6,G09062
44796602,62.3483,-27.8098,8.26,G09062
44799692,62.6844,-25.0965,6.79,G09062
44890689,63.2599,-26.4342,8.0,G09062;20SECONDTARGET
44891114,63.2529,-28.5403,7.61,G09062;20SECONDTARGET
89094846,54.6735,-24.0482,9.22,G09062
89096297,54.9725,-28.5123,6.44,G09062
89111480,54.986,-26.2221,8.74,G09062
89115385,55.498,-24.6525,6.31,G09062;20SECONDTARGET
89185670,57.4786,-25.5025,7.68,G09062
89256140,58.6295,-24.8911,7.63,G09062;20SECONDTARGET
89257097,58.82,-27.73,8.75,G09062
89320803,59.1203,-25.1834,6.17,G09062
117627542,67.6334,-15.0889,9.27,G09062
121027055,56.0259,-22.0319,8.61,G09062
121048719,56.238,-21.5828,8.0,G09062
121049256,56.2582,-19.135,8.17,G09062
121158680,58.3179,-19.2893,8.89,G09062
139527641,63.5446,-18.2092,9.23,G09062
139548291,63.9309,-22.7551,9.8,G09062
139636194,65.3155,-20.192,7.67,G09062
139637712,65.4485,-21.7709,7.02,G09062;20SECONDTARGET
139648221,65.5564,-19.4211,8.0,G09062
139668651,65.9005,-20.2742,7.6,G09062
139705151,66.7225,-18.656,6.5,G09062
139723870,66.755,-19.57,9.35,G09062
149846221,62.5061,-18.7112,7.75,G09062
149859684,62.7722,-18.4268,7.84,G09062;20SECONDTARGET
152371007,65.3841,-24.2914,8.34,G09062
178215855,58.9125,-21.5958,8.11,G09062
178274673,60.0012,-19.2469,6.66,G09062
178284266,60.4589,-18.3673,7.23,G09062
178284735,60.4672,-20.475,7.33,G09062
178286929,60.6279,-19.4985,7.42,G09062
178351535,61.6904,-21.6727,7.38,G09062
206734823,55.5175,-17.1461,7.34,G09062
279373233,57.6462,-11.9954,7.23,G09062
279402565,57.7654,-14.7078,8.04,G09062
279434608,58.2238,-14.1112,8.71,G09062
325686660,59.6044,-15.8373,8.76,G09062
332706753,63.7456,-14.4051,8.47,G09062
44897947,63.9944,-24.0078,8.24,G09194;G09062
461714934,59.8408,-15.1394,7.94,G09062
461720392,60.3036,-15.8635,8.04,G09062
71047654,66.4536,-14.9333,9.79,G09062
71131756,67.2453,-13.6616,8.12,G09062
97524002,60.4232,-14.8916,9.35,G09062
120956785,54.0542,-18.5508,7.26,G09062
12571097,52.3249,-10.5547,7.11,G09062;20SECONDTARGET
12605683,52.7968,-11.3873,8.15,G09062
141307592,45.2261,-10.0358,7.17,G09062
141333291,45.8831,-10.9759,6.65,G09062;20SECONDTARGET
206694588,54.162,-13.3187,9.08,G09062
206714579,54.7316,-14.4888,9.86,G09062
206720132,55.2939,-13.3286,9.19,G09062
29942265,41.867,-17.3692,9.17,G09062
38464735,55.1405,-11.2771,7.79,G09062
406453945,47.0702,-12.5927,8.79,G09062
406477000,50.6699,-13.7789,8.53,G09062
406477030,50.6836,-13.8943,9.71,G09062
423442495,51.1048,-15.6546,6.95,G09062;20SECONDTARGET
423448777,51.3115,-15.0413,7.35,G09062;20SECONDTARGET
423448938,51.253,-14.1159,7.4,G09062
425139495,44.2088,-10.4133,9.35,G09062
425178569,44.884,-8.6215,9.13,G09062
441500236,46.7196,-14.7755,9.76,G09062
441500413,46.7172,-15.6168,9.73,G09062
441502016,46.791,-12.4894,8.82,G09062
441507299,47.8781,-13.5252,7.27,G09062;20SECONDTARGET
441539124,49.3981,-17.6452,8.46,G09062
55895344,50.3619,-15.798,8.45,G09062
71344353,45.0066,-19.7638,9.21,G09062
92234254,48.8723,-18.1751,6.86,G09062
92252166,49.6724,-18.5603,5.51,G09194;G09062;20SECONDTARGET
92346061,51.3031,-21.0723,7.36,G09062;20SECONDTARGET
92356230,51.8898,-19.0043,9.68,G09062
92362554,52.6669,-19.4356,6.85,G09062;20SECONDTARGET
93050976,52.4403,-14.4285,8.03,G09062
93051463,52.3869,-16.9988,8.17,G09062
93105467,53.438,-15.1289,6.62,G09062;20SECONDTARGET
93122197,53.6593,-12.2984,7.19,G09062;20SECONDTARGET
97492473,44.0994,-18.7039,8.61,G09062
9859432,48.6373,-9.6869,7.24,G09062;20SECONDTARGET
98680014,43.6356,-16.7916,8.74,G09062
98728379,44.1952,-13.2383,7.58,G09062;20SECONDTARGET
98756201,44.5113,-15.8371,7.6,G09062;20SECONDTARGET
98794593,45.3338,-17.2297,7.69,G09062;20SECONDTARGET
98869821,46.5168,-13.4348,7.66,G09062
9899460,48.9951,-11.9145,9.25,G09062
9967126,50.6485,-11.7008,8.21,G09062
9967279,50.818,-11.347,7.15,G09062
122506764,38.4621,-29.9327,6.88,G09062;20SECONDTARGET
122522574,38.635,-29.9497,7.67,G09062;20SECONDTARGET
122556844,39.5786,-30.1946,5.37,G09062;20SECONDTARGET
122615835,41.4807,-30.4813,7.21,G09062;20SECONDTARGET
144481708,49.5316,-24.951,9.07,G09062
144481929,49.462,-26.3525,7.06,G09062
144496130,49.6833,-25.429,8.02,G09062
144504128,50.1887,-26.6063,5.89,G09062;20SECONDTARGET
144504552,50.1166,-24.1148,7.23,G09062
144521339,50.8035,-26.1154,7.19,G09062
144521956,50.7789,-29.3652,8.5,G09062
176841549,49.1901,-32.0893,8.85,G09062
176842955,49.4129,-31.2417,8.79,G09062
178155533,42.8449,-30.4378,7.12,G09062;20SECONDTARGET
178155732,42.9854,-30.8137,5.91,G09062;G09123;G09126;20SECONDTARGET
204613780,41.6885,-21.6394,6.12,G09062;20SECONDTARGET
204613785,41.6098,-21.6606,6.83,G09062;20SECONDTARGET
204614426,41.7961,-22.4861,6.06,G09062;G09123;20SECONDTARGET
209406565,44.9484,-30.1731,7.77,G09062
209406740,44.9113,-31.3243,9.33,G09062;20SECONDTARGET
209429132,45.2689,-33.1098,6.74,G09062
257526233,45.9475,-21.3617,6.67,G09062;20SECONDTARGET
322736925,37.5914,-30.3524,8.79,G09062
407585696,49.8643,-31.5609,8.26,G09062
423783847,52.1282,-25.7004,8.18,G09062
64109026,39.9756,-23.9299,7.6,G09062;20SECONDTARGET
65344368,39.1983,-25.0243,7.15,G09062;20SECONDTARGET
65345479,39.4211,-29.3235,8.19,G09062
65347620,39.7969,-28.2983,7.92,G09062
65348276,39.7777,-24.339,7.79,G09062
65415064,40.7933,-25.941,9.06,G09062
65416950,41.0621,-25.495,6.38,G09062;20SECONDTARGET
65481072,42.7447,-28.1325,8.26,G09062
88338809,44.0823,-28.9503,7.75,G09062
88379410,44.8704,-28.3743,9.21,G09062
88380516,44.9023,-25.2735,5.32,G09062;20SECONDTARGET
88405010,45.1811,-27.6427,7.08,G09062
88405751,45.4091,-28.0948,5.11,G09062;20SECONDTARGET
88409685,45.793,-28.7896,9.3,G09062
88523071,48.0219,-28.983,3.45,G09062;20SECONDTARGET
88532366,48.3507,-28.9752,7.33,G09062
89044697,47.5488,-33.348,8.48,G09062
91590767,44.132,-32.7866,8.68,G09062
92230185,48.771,-23.9376,8.99,G09062
92261675,50.1795,-23.3052,8.07,G09062
92361191,52.3966,-23.4755,6.44,G09062
92361302,52.5593,-23.7452,8.38,G09062
114921565,72.4079,-15.8097,7.77,G09062;20SECONDTARGET
114955465,72.7887,-17.8568,9.1,G09062
117979850,71.8096,-17.2488,7.83,G09062
117979951,71.9022,-16.9332,4.9,G09062;20SECONDTARGET
118034753,72.1356,-16.3292,5.26,G09062;20SECONDTARGET
121644774,72.5549,-18.5771,9.46,G09062
121707431,72.9072,-18.5616,9.69,G09062
13271550,78.1083,-24.9225,8.16,G09062
13321014,78.4038,-25.343,8.64,G09062
146308722,73.7026,-20.3896,8.01,G09062
146341012,74.1108,-23.2876,7.62,G09062
146349874,74.6867,-20.5479,8.79,G09062
146435275,75.3264,-23.7074,7.08,G09062;20SECONDTARGET
146523123,76.7904,-19.3898,5.87,G09062;20SECONDTARGET
146559098,77.4919,-23.3992,9.97,G09062
146598640,77.929,-19.011,8.97,G09062
152415589,75.3287,-17.5581,7.55,G09062
160180978,79.5362,-16.1869,6.8,G09062
169395153,76.7862,-17.3011,6.58,G09062;20SECONDTARGET
169554310,78.3896,-16.8473,10.07,G09062
178945062,68.7274,-25.0393,6.93,G09062;20SECONDTARGET
178947400,68.8247,-24.533,6.24,G09062;20SECONDTARGET
189011662,78.9991,-16.353,8.45,G09062
229079718,68.4797,-18.1789,7.14,G09062
316919585,74.7547,-16.375,5.44,G09062;20SECONDTARGET
348772705,75.1828,-17.5852,8.1,G09062
398792837,72.3311,-19.633,9.39,G09062
398801392,78.3552,-18.5589,7.13,G09062
406498177,70.8221,-23.6284,6.68,G09062;20SECONDTARGET
423498764,71.644,-22.7798,8.26,G09062
423517986,71.7096,-18.3995,7.43,G09062
423520098,71.8482,-22.5613,8.23,G09062
1250339,72.2359,-33.4721,7.54,G09062
13069633,75.9064,-28.9698,9.03,G09062
1309015,72.9767,-34.2386,6.18,G09062
13147218,77.0047,-26.7978,7.49,G09062;20SECONDTARGET
1354091,73.6773,-31.4358,7.5,G09062;20SECONDTARGET
1356036,73.8061,-33.3499,10.14,G09062
13915281,74.6305,-37.8346,9.36,G09062
13931687,74.8348,-36.8707,6.66,G09062;20SECONDTARGET
13931999,74.9515,-38.0378,9.42,G09062
14084821,77.0467,-37.9104,9.49,G09062
1448845,74.966,-34.067,10.29,G09062
168874602,65.4094,-31.2844,9.07,G09062
168902678,65.5099,-34.8971,7.93,G09062
170632659,66.235,-34.7582,6.13,G09062
170636418,66.6275,-32.8162,6.43,G09062;20SECONDTARGET
170672094,66.9197,-32.4086,6.63,G09062
170672891,66.9761,-30.7442,8.6,G09062
170673066,67.0919,-31.4564,7.86,G09062
170699427,67.899,-31.52,7.14,G09062;20SECONDTARGET
170729393,67.8946,-35.9054,7.93,G09062
170786161,69.0963,-30.8323,8.36,G09062
170789460,69.4101,-29.9047,7.68,G09062
170790508,69.4837,-33.8979,8.91,G09062
170804210,69.8323,-33.4302,7.66,G09062
170882264,70.744,-33.4336,7.93,G09062
178858961,66.8612,-29.1958,7.04,G09062
178946294,68.8134,-29.3573,7.88,G09062
178953197,69.1661,-26.429,8.17,G09062
179013690,70.166,-27.4585,8.62,G09062
664269,73.0823,-29.4323,7.98,G09062;20SECONDTARGET
682256,73.9098,-27.8123,9.79,G09062
711970,74.2469,-27.9982,8.95,G09062
7697120,65.8098,-36.3325,7.7,G09062;20SECONDTARGET
77288515,70.5149,-37.1427,4.67,G09062;20SECONDTARGET
77359410,72.1517,-37.4356,8.31,G09062
77670537,76.2017,-31.5888,8.73,G09062
77835564,77.6761,-34.4128,8.81,G09062
77836699,77.8727,-33.8809,7.5,G09062;20SECONDTARGET
77861221,78.5829,-33.3491,7.71,G09062
100531398,86.3044,-31.6693,6.5,G09062;20SECONDTARGET
100610506,86.8713,-32.7058,9.26,G09062
140211218,84.8293,-32.9331,10.07,G09062
140286133,85.4094,-30.6745,8.21,G09062
143106235,89.275,-31.2571,8.11,G09062
143205487,90.2897,-31.7264,7.89,G09062;20SECONDTARGET
143230081,90.583,-30.0145,7.87,G09062
143234933,90.6701,-32.016,8.08,G09062
144516734,84.5625,-37.8654,9.27,G09062
153097724,89.1589,-29.6955,9.09,G09062
160329848,91.2542,-35.0613,10.87,G09062
167658216,79.4226,-37.6187,8.26,G09062
167658314,79.4087,-37.967,9.34,G09062
192789064,81.9317,-36.5435,9.81,G09062
192800872,82.3319,-36.5717,8.3,G09062
201375066,91.7825,-31.8971,7.42,G09062
201495954,92.8869,-31.5195,8.71,G09062
20231817,90.5433,-37.6976,9.62,G09062
20297345,90.7983,-36.938,10.29,G09062
21507177,85.9217,-37.7086,8.03,G09062
21726939,88.0453,-37.1403,8.65,G09062
24360361,81.5223,-30.6728,8.1,G09062
24400247,81.7772,-31.5659,6.63,G09062
24588623,83.7589,-35.4739,7.9,G09062
24608799,83.8611,-33.2684,6.25,G09062;20SECONDTARGET
24626896,84.4347,-34.9715,8.77,G09062
24671341,84.5708,-35.4695,8.71,G09062
300112535,92.2426,-36.7977,8.29,G09062
31259676,82.1269,-29.3489,8.38,G09062
31471821,83.9214,-27.6224,7.55,G09062
32500750,84.4356,-28.6894,4.83,G09062;20SECONDTARGET
32828818,86.8416,-27.1346,6.69,G09062;20SECONDTARGET
33063882,88.5583,-29.1474,5.96,G09062;20SECONDTARGET
33103633,88.9025,-29.9164,7.41,G09062;20SECONDTARGET
343864440,93.0596,-36.7572,8.6,G09062
37250075,91.3529,-28.6762,8.01,G09062;20SECONDTARGET
37501256,92.8162,-28.299,10.0,G09062
37543678,92.9043,-27.9275,7.38,G09062;20SECONDTARGET
37604071,93.1277,-29.0185,6.93,G09062
393315347,92.2068,-36.1306,7.58,G09062;20SECONDTARGET
393315435,92.1776,-35.9451,10.48,G09062
78011077,79.8978,-35.9455,10.5,G09062
78109269,80.9753,-32.9488,10.17,G09062
123574104,89.1067,-20.0384,7.96,G09062
123901010,90.854,-21.791,6.92,G09062
124229161,92.4506,-22.7739,5.26,G09062;20SECONDTARGET
255752750,81.4993,-19.6956,5.42,G09062;20SECONDTARGET
306330414,90.8244,-16.0434,6.94,G09062;20SECONDTARGET
31090358,80.636,-25.5837,7.98,G09062
317094165,86.679,-16.7235,8.86,G09062
317480495,88.0474,-17.5523,6.96,G09062
317548889,88.3783,-16.2657,6.78,G09062;G09123;20SECONDTARGET
317800288,89.2451,-15.551,9.44,G09062
317921889,89.905,-16.7861,7.25,G09062;20SECONDTARGET
322572746,89.6165,-20.6911,9.52,G09062
32554144,84.8509,-25.243,7.26,G09062;20SECONDTARGET
37437272,92.3865,-25.2754,7.72,G09062;20SECONDTARGET
393805345,81.3039,-18.3396,9.69,G09062
408907858,92.0701,-17.2301,9.52,G09062
408908804,92.0264,-15.9015,6.5,G09062;20SECONDTARGET
420964096,82.0865,-22.4328,6.22,G09062;20SECONDTARGET
442963044,81.5159,-16.6335,7.93,G09062
46556441,84.6586,-16.9201,7.03,G09062;20SECONDTARGET
46562304,84.7831,-17.831,7.76,G09062
93129631,85.1316,-22.1558,7.55,G09062
93244307,85.9499,-19.6517,6.75,G09062
93280676,86.1135,-22.4511,3.1,G09062;G09157;20SECONDTARGET
93281916,86.1182,-20.1263,5.82,G09062;20SECONDTARGET
93443984,87.2543,-23.8095,7.68,G09062;20SECONDTARGET
94987316,81.7916,-16.5247,6.89,G09062;20SECONDTARGET
124377750,92.9456,-22.803,8.41,G09062
142667952,103.5466,-13.6395,7.38,G09062;20SECONDTARGET
172081160,97.7894,-24.6927,9.18,G09062
287842750,97.6633,-17.9236,6.99,G09062
288356728,98.5829,-16.0105,7.17,G09062
333499483,100.4323,-16.2106,8.54,G09062
33798564,93.574,-17.4805,7.33,G09062
37879043,94.4064,-24.4456,7.04,G09062;20SECONDTARGET
443547096,99.2576,-14.6713,8.25,G09062
445145849,100.7382,-15.7342,7.4,G09062
445260885,100.8735,-14.0495,10.04,G09062
47634940,104.1538,-24.8645,8.09,G09062
47648930,97.6047,-22.298,10.54,G09062
47856136,98.1921,-23.4486,9.86,G09062
48047540,98.6982,-21.3512,8.52,G09062
48519256,99.8101,-23.1792,8.77,G09062
48544437,96.4968,-24.1194,10.15,G09062
48544557,96.4856,-24.2519,8.73,G09062
48652745,100.3501,-20.8483,8.22,G09062
48947167,100.8089,-20.4741,8.91,G09062
49609982,95.3004,-24.5123,8.21,G09062;G09123
49775101,96.1937,-24.5428,10.09,G09062
59752641,93.9109,-19.8051,7.69,G09062;20SECONDTARGET
59846132,94.266,-22.7172,5.53,G09062;20SECONDTARGET
59849848,94.2234,-18.7709,9.19,G09062
59850018,94.2192,-18.6065,6.89,G09062;20SECONDTARGET
60521063,96.494,-22.9505,9.82,G09062
63041201,104.391,-24.6301,5.04,G09062;20SECONDTARGET
78382063,102.4296,-19.3834,7.44,G09062
78485877,102.6306,-20.3632,8.13,G09062
79215518,103.9064,-20.1362,4.31,G09062;20SECONDTARGET
79430862,104.2573,-19.4396,6.19,G09062
95406412,103.7215,-14.8632,6.97,G09062
101266495,103.4442,-35.838,8.39,G09062
117666759,95.9148,-33.319,7.02,G09062
117670649,96.0128,-31.7738,7.76,G09062
117737373,96.1754,-35.564,10.92,G09062
119327800,96.7816,-37.8952,6.11,G09062;20SECONDTARGET
119443278,97.7092,-37.0849,7.96,G09062
124936819,95.354,-30.5132,9.97,G09062
147902328,99.0521,-36.1388,6.65,G09062;20SECONDTARGET
147902364,98.9749,-36.0891,5.89,G09062;20SECONDTARGET
147945235,99.4589,-36.1143,7.33,G09062
147977750,99.8295,-37.13,7.7,G09062
148003795,99.8874,-35.9275,8.99,G09062
148003877,100.1484,-36.0056,8.76,G09062
148124865,100.6294,-36.447,9.54,G09062
172119334,98.1614,-26.5511,8.8,G09062
172120110,98.1933,-27.4037,6.37,G09062
172195260,98.5955,-29.2676,9.39,G09062
172359183,99.7068,-27.7479,7.54,G09062;20SECONDTARGET
172404771,99.9132,-26.6419,8.3,G09062
172622444,100.8322,-26.4707,7.67,G09062
172734582,101.2164,-27.3395,5.9,G09062;20SECONDTARGET
299908219,97.5221,-28.6585,7.78,G09062
300031999,99.1237,-29.3691,9.81,G09062
37744137,93.8201,-29.2483,9.7,G09062
38023727,95.0553,-27.7262,10.18,G09062
393452654,94.7376,-37.3107,10.07,G09062
48540748,96.2795,-28.6987,8.43,G09062
49614495,95.3799,-29.1503,7.22,G09062;20SECONDTARGET
49702657,95.832,-26.8392,9.23,G09062
49771751,96.1024,-27.3134,7.49,G09062;20SECONDTARGET
49831913,96.1814,-28.781,5.79,G09062;G09123;20SECONDTARGET
51829779,97.7635,-35.4801,7.6,G09062;20SECONDTARGET
51996218,98.5156,-30.3372,7.68,G09062
52001745,98.7248,-34.8363,7.99,G09062
52051207,98.9986,-35.1713,7.34,G09062;20SECONDTARGET
52111139,98.9717,-31.8968,10.62,G09062
52114921,99.1162,-31.8867,6.51,G09062;20SECONDTARGET
52385153,100.1035,-31.6739,9.3,G09062
52641093,101.005,-33.6341,9.72,G09062
52687259,101.3437,-31.796,5.44,G09062;20SECONDTARGET
52918500,102.1614,-32.4687,7.69,G09062;20SECONDTARGET
53175558,103.0078,-33.9151,6.66,G09062;G09123;20SECONDTARGET
53457068,102.6895,-29.4476,7.39,G09062;20SECONDTARGET
53688090,103.3938,-28.5431,5.42,G09062;20SECONDTARGET
53823089,103.6371,-27.5594,8.27,G09062;20SECONDTARGET
63050430,104.585,-29.6455,9.25,G09062
63199687,104.7211,-29.8669,9.82,G09062
63475995,105.1769,-28.4899,5.84,G09062;20SECONDTARGET
63661147,105.4513,-27.7021,7.58,G09062;20SECONDTARGET
63663439,105.5227,-28.9204,8.67,G09062
96520633,104.3229,-35.507,5.82,G09062;20SECONDTARGET
96522055,104.37,-35.0628,8.32,G09062
96739823,104.7974,-33.8803,8.22,G09062
97162204,105.9047,-32.9816,7.81,G09062
97273469,106.185,-31.9454,6.91,G09062
97280658,106.3831,-34.7774,6.1,G09062
97281605,106.3205,-34.1431,7.06,G09062
97579288,106.9255,-34.2065,8.86,G09062
97790682,107.3568,-33.4547,8.2,G09062
106894218,110.4236,-25.9008,8.6,G09062
108413068,112.1758,-27.9045,7.96,G09062
109318740,113.157,-24.5728,7.97,G09062
110713000,114.5339,-28.7397,7.63,G09062;20SECONDTARGET
110714491,114.5871,-29.1978,9.73,G09062
111235557,110.3908,-30.1041,8.3,G09062
111539246,110.8971,-33.3845,9.28,G09062
112726375,112.5079,-32.9281,8.61,G09062
113027515,112.8051,-31.6907,10.0,G09062
113177336,112.991,-35.2588,8.57,G09062
113844912,113.7892,-31.5003,7.73,G09062
114208332,114.1209,-35.5955,9.93,G09062
114658086,114.5907,-32.5727,10.97,G09062
125555805,114.9948,-27.7176,9.6,G09062
126110862,115.6595,-27.5834,11.36,G09062
126206007,115.7666,-29.06,8.41,G09062
126436062,115.8523,-29.3591,7.64,G09062
126534808,116.0104,-25.6439,8.69,G09062
127262002,116.7378,-25.3707,7.79,G09062;20SECONDTARGET
127579341,117.2135,-26.0077,8.2,G09062
144358830,121.2586,-34.3118,7.84,G09062
144361392,121.2635,-33.5912,6.18,G09062
148662156,114.7796,-32.1031,8.09,G09062
148795222,115.1267,-33.4251,6.8,G09062;20SECONDTARGET
148872191,115.2515,-30.9276,10.18,G09062
149075809,115.4567,-30.3862,8.27,G09062
149134319,115.6742,-35.1616,8.88,G09062
149672905,116.3935,-34.1598,4.78,G09062;20SECONDTARGET
150151885,117.1768,-30.2533,6.9,G09062
150335527,117.3509,-30.5581,7.67,G09062;20SECONDTARGET
150470230,117.5396,-33.6107,9.86,G09062
150750364,118.0751,-30.8349,9.12,G09062
150796339,118.0635,-34.7037,4.64,G09062;G09157;20SECONDTARGET
152159822,119.7292,-34.6682,9.28,G09062
152329055,119.9882,-30.3756,7.02,G09194;G09062;20SECONDTARGET
152399684,120.0281,-31.9125,8.19,G09062
152401009,119.9204,-32.2369,9.75,G09062
319933613,109.5534,-33.4648,8.23,G09062
320214991,109.8295,-35.0391,7.6,G09062
320220653,110.0652,-33.7352,11.22,G09062
320350213,110.1074,-33.549,8.28,G09062
419084538,120.6114,-30.4188,7.97,G09062;20SECONDTARGET
419424892,121.1677,-32.8728,9.91,G09062
65057472,107.6706,-29.661,9.51,G09062
65142573,107.8006,-25.9078,7.7,G09062;20SECONDTARGET
65401386,108.0643,-26.5805,9.68,G09062
65900170,108.628,-25.8034,9.14,G09062
98168772,108.327,-33.9699,9.29,G09062
98393577,108.7486,-32.8029,8.11,G09062
100113050,109.1484,-17.9814,9.41,G09062
141260492,117.0497,-18.891,9.09,G09062
141261906,117.0323,-19.3313,7.81,G09062
141595550,117.4383,-20.2086,6.01,G09062
141988284,117.9554,-20.7209,6.36,G09062
231419689,115.3158,-20.3663,8.6,G09062
231426825,115.2265,-22.4209,8.33,G09062
259214713,113.5542,-16.1868,6.15,G09062
259363581,114.0626,-12.1753,8.75,G09062
289011319,114.8951,-16.0271,8.07,G09062
295401737,108.7015,-15.4763,6.93,G09062
296182274,109.2742,-14.8468,7.0,G09062
306852153,107.9849,-17.5051,9.78,G09062
333714282,116.1989,-15.0847,7.46,G09062
346889553,117.3909,-16.8611,7.56,G09062
348802343,113.8121,-18.9048,8.06,G09062
385924749,111.2831,-13.752,5.37,G09062;20SECONDTARGET
386070356,111.5146,-15.6667,6.31,G09062;20SECONDTARGET
405046988,113.6199,-13.8695,6.24,G09062;20SECONDTARGET
405111559,113.677,-17.6791,9.43,G09062
405113468,113.8007,-17.5471,6.74,G09062;20SECONDTARGET
405164570,113.8351,-14.0482,7.07,G09062;20SECONDTARGET
409081898,109.4889,-16.1796,8.92,G09062
409089031,109.4897,-13.887,7.08,G09062;20SECONDTARGET
412784279,111.307,-19.802,9.99,G09062
423245334,113.5769,-23.4737,5.41,G09062;20SECONDTARGET
456871289,113.5129,-22.2957,3.94,G09062;G09123;20SECONDTARGET
50276717,112.3352,-17.345,6.57,G09062
50283734,112.3397,-15.0004,5.86,G09062;20SECONDTARGET
62355113,115.508,-11.8523,6.93,G09062;20SECONDTARGET
65652471,108.2604,-24.2248,6.59,G09062;20SECONDTARGET
98878315,107.5392,-18.6856,5.87,G09062;20SECONDTARGET
99694823,108.5425,-18.9839,7.22,G09062
99935334,108.887,-23.7075,7.81,G09062;20SECONDTARGET
